[-110, -120, 88]
[-104, -109, 117]
[-107, -94, 161]
[-115, 13, 258]
[-120, -32, 189]
[-107, -33, 229]
[-110, 160, 210]
[-87, 47, 227]
[-15, 84, 192]
[142, 113, 273]
[-46, 105, 257]
[16, 128, 200]
[35, 123, 229]
[66, 97, 169]
[-4, 91, 436]
[146, 79, 189]
[104, 27, 216]
[147, 15, 188]
[115, -19, 189]
[126, -71, 173]
[129, -97, 121]
[123, -135, 179]
[93, -132, 121]
[61, -164, 132]
[17, -117, 173]
[-11, -172, 188]
[-42, -118, 184]
[-77, -109, 249]
[-74, -92, 168]
[-105, 13, 278]
[-88, -30, 210]
[-110, -31, 255]
[-101, 9, 244]
[-122, 5, 270]
[-94, 52, 286]
[-62, 21, 264]
[-43, 87, 267]
[-21, 79, 301]
[10, 106, 281]
[20, 90, 324]
[-2, 106, 466]
[110, 56, 331]
[70, 39, 272]
[101, 15, 273]
[110, 22, 329]
[113, -54, 285]
[93, -72, 335]
[102, -78, 276]
[54, -114, 280]
[9, -134, 248]
[-87, -93, 305]
[-97, -113, 352]
[-116, 13, 344]
[-98, -30, 349]
[-132, 13, 333]
[-120, 8, 351]
[-67, 38, 318]
[-25, 8, 343]
[-24, 83, 343]
[-16, 75, 321]
[26, 93, 368]
[32, 46, 375]
[43, 8, 378]
[94, -9, 342]
[93, -52, 357]
[42, -41, 383]
[64, -72, 438]
[11, -81, 423]
[2, -100, 461]
[-62, -97, 427]
[-80, 13, 398]
[-66, -8, 426]
[-56, 13, 444]
[113, 14, 374]
[52, 56, 404]
[0, 76, 515]
[35, 41, 487]
[65, 42, 513]
[31, -7, 531]
[62, -48, 503]
[80, -87, 541]
[22, -74, 555]
[-1, -37, 504]
[-43, -62, 513]
[-67, 13, 443]
[-39, 11, 512]
[-30, 27, 544]
[16, 39, 530]
[45, 38, 567]
[7, 0, 564]
[57, -35, 535]
[13, -28, 549]
[5, -73, 567]
[-34, -69, 577]
[-24, -29, 592]
[-29, -12, 633]
[14, 22, 595]
[16, 27, 606]
[-7, -20, 605]
[14, -3, 605]